0 0 1
0 1 1
0 2 1
0 3 1
0 4 1
0 5 1
0 6 1
0 7 1
0 8 1
0 9 1
0 10 1
0 11 1
0 12 1
0 13 1
0 14 1
0 15 1
0 16 1
0 17 1
0 18 1
0 19 1
9 0 1
9 1 1
9 2 1
9 3 1
9 4 1
9 5 1
9 6 1
9 7 1
9 8 1
9 9 1
9 10 1
9 11 1
9 12 1
9 13 1
9 14 1
9 15 1
9 16 1
9 17 1
9 18 1
9 19 1
1 19 1
2 19 1
3 19 1
4 19 1
5 19 1
6 19 1
7 19 1
8 19 1
1 0 1
2 0 1
3 0 1
4 0 1
5 0 1
6 0 1
7 0 1
8 0 1
8 1 5
8 18 6
6 1 1
6 2 1
6 3 1
6 4 1
6 5 1
6 6 1
6 7 1
5 7 1
4 7 2
3 7 1
2 7 1
1 7 1
8 11 1
7 11 1
6 11 1
5 11 1
4 11 1
3 11 1
2 11 1
2 12 1
2 13 1
2 14 1
2 15 1
3 15 2
4 15 1
5 15 1
6 15 1
7 15 1
8 15 1
6 14 1
6 13 3
6 12 1
5 1 10
4 1 8
4 2 8
5 2 8
1 6 9
1 5 7
2 5 7
2 6 7
