0 0 6
0 19 5
1 0 1
1 1 1
1 2 1
1 3 1
1 4 1
1 5 1
1 6 9
1 7 1
1 8 1
1 9 1
1 10 1
1 11 1
1 12 1
1 13 1
1 14 1
1 15 1
1 16 1
1 17 1
1 18 1
1 19 1
2 1 18
2 2 7
2 3 7
2 5 2
2 7 2
2 10 7
2 11 7
2 13 16
3 1 1
3 2 1
3 3 1
3 4 1
3 5 1
3 7 1
3 8 1
3 9 1
3 10 1
3 11 1
3 12 1
3 13 1
3 14 1
3 15 1
3 16 1
3 17 1
3 18 1
3 19 12
4 1 1
4 2 1
4 3 1
4 4 1
4 5 1
4 7 1
4 12 14
4 13 18
4 14 18
5 2 7
5 3 17
5 4 16
5 5 1
5 7 1
5 9 1
5 10 1
5 11 1
5 12 1
5 13 1
5 14 1
5 15 1
5 16 1
5 17 2
5 18 1
5 19 1
6 2 18
6 3 18
6 4 18
6 5 3
6 7 2
6 9 1
6 10 1
6 11 1
6 12 1
6 13 1
6 15 9
6 16 18
6 17 13
6 18 1
6 19 1
7 1 1
7 2 1
7 3 1
7 4 1
7 5 1
7 6 1
7 7 1
7 9 1
7 10 1
7 11 1
7 12 1
7 13 1
7 18 1
7 19 1
8 2 13
8 3 14
8 4 16
8 5 1
8 6 1
8 7 1
8 8 2
8 9 13
8 10 17
8 11 16
8 12 1
8 13 1
8 18 1
8 19 1
9 1 1
9 2 1
9 3 1
9 4 1
9 5 1
9 6 1
9 7 1
9 8 1
9 9 1
9 10 1
9 11 1
9 12 1
9 13 1
9 14 1
9 15 1
9 16 1
9 17 1
9 18 1
9 19 1