0 0 5
1 0 1
1 1 1
1 2 1
1 3 1
1 4 1
1 5 1
1 6 1
1 7 1
1 8 1
1 9 1
1 10 1
1 11 1
1 12 1
1 13 1
1 14 1
1 15 1
1 16 1
1 17 1
2 4 11
2 5 2
2 11 1
2 12 18
2 13 18
2 14 7
2 15 7
2 16 18
2 17 1
3 0 18
3 1 11
3 2 17
3 5 1
3 11 1
3 12 1
3 13 1
3 14 1
3 15 1
3 16 10
3 17 1
4 0 1
4 1 2
4 2 1
4 3 1
4 4 1
4 5 1
4 11 2
4 12 12
4 14 7
4 17 17
5 1 11
5 5 1
5 11 1
5 12 1
5 13 1
5 14 1
5 15 1
5 16 1
5 17 1
5 18 1
5 19 1
6 3 9
6 5 1
7 1 1
7 2 2
7 3 1
7 4 1
7 5 1
7 6 1
7 7 1
7 8 1
7 9 1
7 10 1
7 11 1
7 12 1
7 13 1
7 14 2
7 15 1
7 16 1
7 17 1
7 18 1
7 19 1
8 1 18
8 2 11
8 3 7
8 5 1
8 8 18
8 10 1
8 13 7
8 14 13
8 15 8
8 16 10
9 1 18
9 2 16
9 3 9
9 5 1
9 8 9
9 9 14
9 10 4
9 13 7
9 14 7
9 15 7
9 16 1
9 17 1
6 6 19
5 6 11
5 7 11
6 7 11