0 7 12
0 8 10
0 9 10
0 16 2
1 0 1
1 1 1
1 2 1
1 3 1
1 4 1
1 5 1
1 6 1
1 7 1
1 8 1
1 9 1
1 10 1
1 11 1
1 12 1
1 13 1
1 14 1
1 15 1
1 16 1
1 17 1
1 18 1
1 19 14
2 8 18
2 9 18
2 10 11
2 16 2
3 0 1
3 1 1
3 2 1
3 3 14
3 4 1
3 5 1
3 6 1
3 7 1
3 8 1
3 9 1
3 10 1
3 11 1
3 12 1
3 13 1
3 14 1
3 15 1
3 16 1
3 17 1
3 18 1
3 19 1
4 4 7
4 5 1
4 7 17
4 10 1
4 12 16
4 15 1
5 5 3
5 6 15
5 10 4
5 11 10
5 15 2
5 16 15
5 17 18
5 18 18
6 4 7
6 5 1
6 7 17
6 10 1
6 12 16
6 15 1
7 0 1
7 1 1
7 2 1
7 3 14
7 4 1
7 5 1
7 6 1
7 7 1
7 8 1
7 9 1
7 10 1
7 11 1
7 12 1
7 13 1
7 14 1
7 15 1
7 16 1
7 17 1
7 18 1
7 19 1
8 10 1
8 11 1
8 12 1
8 13 1
8 14 1
8 15 1
8 16 1
8 17 1
8 18 1
8 19 1
9 10 2
9 11 10
9 12 12
9 19 6