0 0 6
0 1 1
0 2 1
0 3 1
0 7 13
0 8 13
0 15 1
0 16 7
0 17 12
0 18 17
1 3 1
1 6 1
1 7 1
1 8 1
1 8 1
1 10 1
1 11 1
1 15 2
1 16 11
1 17 7
1 18 12
2 0 1
2 3 1
2 6 1
2 15 1
2 18 7
3 0 1
3 3 10
3 6 1
3 10 10
3 15 1
3 16 1
3 17 1
3 18 1
3 19 1
4 0 1
4 1 1
4 2 1
4 3 1
4 4 1
4 5 1
4 6 1
4 7 1
4 8 1
4 9 1
4 10 12
4 11 1
4 12 1
4 13 1
4 14 1
4 15 1
4 16 1
5 0 17
5 1 16
5 2 12
5 4 1
5 5 1
5 6 1
5 7 1
5 8 1
5 9 1
5 10 10
5 15 11
5 16 2
5 17 18
5 18 18
5 19 8
6 0 17
6 1 10
6 4 4
6 11 1
6 12 1
6 13 1
6 14 1
6 15 1
6 16 1
6 17 1
6 18 1
6 19 1
7 0 7
7 1 7
7 2 12
7 4 1
7 11 7
7 12 7
7 13 7
8 1 1
8 2 1
8 3 1
8 4 1
8 5 1
8 6 1
8 7 1
8 8 1
8 9 1
8 10 1
8 11 1
8 12 1
8 13 1
8 14 1
8 15 10
8 16 1
8 17 1
8 18 1
8 19 1
9 0 5
9 11 12
9 12 10
9 13 12